90,52
90,51
90,50
90,49
90,48
90,47
90,46
90,45
90,44
90,43
90,42
90,41
90,40
90,39
90,38
90,37
90,36
90,35
59,4
88,4
62,5
60,1
60,3
61,4
59,1
59,3
88,1
88,3
62,1
62,3
61,1
61,3
10,275
10,231
10,267
10,103
10,17
10,117
10,137
11,9
8,8
8,11
8,7
21,3
21,2
21,1
21,0
20,3
20,2
20,1
19,3
19,2
19,1
12,3
12,2
12,1
11,29
11,27
11,23
11,19
11,17
11,15
11,13
11,11
11,7
11,3
11,2
11,1
10,311
10,283
10,279
10,241
10,195
10,187
10,185
10,181
10,153
10,139
10,121
10,111
10,97
10,73
10,9
10,3
10,2
10,1
9,7
9,5
9,3
9,2
9,1
8,18
8,16
8,15
8,14
8,13
8,10
8,9
8,6
8,4
8,3
8,2
8,1
7,13
7,12
7,11
7,10
7,9
7,8
7,7
18,1
7,6
18,3
7,5
7,4
7,1
