0,481
0,386
0,541
0,540
0,539
140,6
140,5
140,4
140,3
140,2
140,1
140,0
139,6
139,5
139,4
139,3
139,2
139,1
139,0
0,278
132,0
0,538
138,6
138,5
138,4
138,3
138,2
0,9
138,1
138,0
0,537
0,536
0,472
137,52
137,51
137,50
137,49
137,48
137,47
137,46
137,45
137,44
137,43
137,42
137,41
137,40
137,39
137,38
137,37
137,36
137,35
3,2
3,1
3,3
10,71
10,83
10,263
10,103
10,213
10,217
10,293
10,2
10,3
9,7
9,1
9,5
9,2
9,3
8,9
8,14
8,18
8,17
8,6
134,4
134,3
134,2
134,1
132,5
132,4
132,3
132,2
132,1
129,5
129,4
129,3
129,2
129,1
124,5
124,3
124,1
123,4
123,3
123,1
122,3
122,1
121,4
121,3
121,1
58,3
58,1
21,3
21,2
21,1
21,0
20,3
20,2
20,1
19,3
19,2
19,1
12,3
12,2
18,1
12,1
18,3
11,29
11,27
11,26
11,25
14,1
11,24
14,3
13,1
11,23
13,3
11,20
11,19
11,18
